solid OpenSCAD_Model
  facet normal 0 0 0
    outer loop
      vertex 0 0 0
      vertex 0 30 1
      vertex 0 30 0
    endloop
  endfacet
  facet normal 0 0 0
    outer loop
      vertex 0 30 1
      vertex 0 0 0
      vertex 0 0 1
    endloop
  endfacet
  facet normal 0 0 0
    outer loop
      vertex 20.05 10.25 1
      vertex 30 30 1
      vertex 20.05 20.05 1
    endloop
  endfacet
  facet normal 0 0 0
    outer loop
      vertex 30 30 1
      vertex 10.25 20.05 1
      vertex 20.05 20.05 1
    endloop
  endfacet
  facet normal 0 0 0
    outer loop
      vertex 10.25 20.05 1
      vertex 0 30 1
      vertex 10.25 10.25 1
    endloop
  endfacet
  facet normal 0 0 0
    outer loop
      vertex 0 30 1
      vertex 10.25 20.05 1
      vertex 30 30 1
    endloop
  endfacet
  facet normal 0 0 0
    outer loop
      vertex 30 30 1
      vertex 20.05 10.25 1
      vertex 30 0 1
    endloop
  endfacet
  facet normal 0 0 0
    outer loop
      vertex 10.25 10.25 1
      vertex 30 0 1
      vertex 20.05 10.25 1
    endloop
  endfacet
  facet normal 0 0 0
    outer loop
      vertex 10.25 10.25 1
      vertex 0 0 1
      vertex 30 0 1
    endloop
  endfacet
  facet normal 0 0 0
    outer loop
      vertex 0 0 1
      vertex 10.25 10.25 1
      vertex 0 30 1
    endloop
  endfacet
  facet normal 0 0 0
    outer loop
      vertex 30 0 1
      vertex 30 30 0
      vertex 30 30 1
    endloop
  endfacet
  facet normal 0 0 0
    outer loop
      vertex 30 30 0
      vertex 30 0 1
      vertex 30 0 0
    endloop
  endfacet
  facet normal 0 0 0
    outer loop
      vertex 30 30 0
      vertex 0 30 1
      vertex 30 30 1
    endloop
  endfacet
  facet normal 0 0 0
    outer loop
      vertex 0 30 1
      vertex 30 30 0
      vertex 0 30 0
    endloop
  endfacet
  facet normal 0 0 0
    outer loop
      vertex 0 0 0
      vertex 30 30 0
      vertex 30 0 0
    endloop
  endfacet
  facet normal 0 0 0
    outer loop
      vertex 30 30 0
      vertex 0 0 0
      vertex 0 30 0
    endloop
  endfacet
  facet normal 0 0 0
    outer loop
      vertex 0 0 0
      vertex 30 0 1
      vertex 0 0 1
    endloop
  endfacet
  facet normal 0 0 0
    outer loop
      vertex 30 0 1
      vertex 0 0 0
      vertex 30 0 0
    endloop
  endfacet
  facet normal 0 0 0
    outer loop
      vertex 10.25 20.05 1
      vertex 10.25 20.0079 4.85
      vertex 10.25 20.05 4.80789
    endloop
  endfacet
  facet normal 0 0 0
    outer loop
      vertex 10.25 10.25 1
      vertex 10.25 20.0079 4.85
      vertex 10.25 20.05 1
    endloop
  endfacet
  facet normal 0 0 0
    outer loop
      vertex 10.25 20.0079 4.85
      vertex 10.25 10.25 1
      vertex 10.25 10.25 4.85
    endloop
  endfacet
  facet normal 0 0 0
    outer loop
      vertex 10.4 19.8579 5
      vertex 19.8579 10.4 5
      vertex 19.8579 19.8579 5
    endloop
  endfacet
  facet normal 0 0 0
    outer loop
      vertex 19.8579 10.4 5
      vertex 10.4 19.8579 5
      vertex 10.4 10.4 5
    endloop
  endfacet
  facet normal 0 0 0
    outer loop
      vertex 20.05 10.25 4.80789
      vertex 20.05 20.05 1
      vertex 20.05 20.05 4.80789
    endloop
  endfacet
  facet normal 0 0 0
    outer loop
      vertex 20.05 20.05 1
      vertex 20.05 10.25 4.80789
      vertex 20.05 10.25 1
    endloop
  endfacet
  facet normal 0 0 0
    outer loop
      vertex 20.05 20.05 1
      vertex 10.25 20.05 4.80789
      vertex 20.05 20.05 4.80789
    endloop
  endfacet
  facet normal 0 0 0
    outer loop
      vertex 10.25 20.05 4.80789
      vertex 20.05 20.05 1
      vertex 10.25 20.05 1
    endloop
  endfacet
  facet normal 0 0 0
    outer loop
      vertex 10.25 10.25 1
      vertex 20.0079 10.25 4.85
      vertex 10.25 10.25 4.85
    endloop
  endfacet
  facet normal 0 0 0
    outer loop
      vertex 20.05 10.25 1
      vertex 20.0079 10.25 4.85
      vertex 10.25 10.25 1
    endloop
  endfacet
  facet normal 0 0 0
    outer loop
      vertex 20.0079 10.25 4.85
      vertex 20.05 10.25 1
      vertex 20.05 10.25 4.80789
    endloop
  endfacet
  facet normal 0 0 0
    outer loop
      vertex 10.25 10.25 4.85
      vertex 19.8579 10.4 5
      vertex 10.4 10.4 5
    endloop
  endfacet
  facet normal 0 0 0
    outer loop
      vertex 19.8579 10.4 5
      vertex 10.25 10.25 4.85
      vertex 20.0079 10.25 4.85
    endloop
  endfacet
  facet normal 0 0 0
    outer loop
      vertex 10.25 20.05 4.80789
      vertex 10.4 19.8579 5
      vertex 19.8579 19.8579 5
    endloop
  endfacet
  facet normal 0 0 0
    outer loop
      vertex 10.25 20.05 4.80789
      vertex 19.8579 19.8579 5
      vertex 20.05 20.05 4.80789
    endloop
  endfacet
  facet normal 0 0 0
    outer loop
      vertex 10.4 19.8579 5
      vertex 10.25 20.05 4.80789
      vertex 10.25 20.0079 4.85
    endloop
  endfacet
  facet normal 0 0 0
    outer loop
      vertex 10.25 20.0079 4.85
      vertex 10.4 10.4 5
      vertex 10.4 19.8579 5
    endloop
  endfacet
  facet normal 0 0 0
    outer loop
      vertex 10.4 10.4 5
      vertex 10.25 20.0079 4.85
      vertex 10.25 10.25 4.85
    endloop
  endfacet
  facet normal 0 0 0
    outer loop
      vertex 20.05 10.25 4.80789
      vertex 19.8579 19.8579 5
      vertex 19.8579 10.4 5
    endloop
  endfacet
  facet normal 0 0 0
    outer loop
      vertex 20.05 10.25 4.80789
      vertex 19.8579 10.4 5
      vertex 20.0079 10.25 4.85
    endloop
  endfacet
  facet normal 0 0 0
    outer loop
      vertex 19.8579 19.8579 5
      vertex 20.05 10.25 4.80789
      vertex 20.05 20.05 4.80789
    endloop
  endfacet
endsolid OpenSCAD_Model
